acc = 0.7726666666666666
eval_loss = 1.345598321656386
global_step = 28130
loss = 0.0015264504008760582
