acc = 0.8695
eval_loss = 0.7833735218644142
global_step = 12500
loss = 0.0002662954258173704
